500 1951 8 1
500 292 16 1
500 319 32 1
500 338 8 0
500 298 16 0
500 352 32 0
800 701 8 1
800 728 16 1
800 748 32 1
800 784 8 0
800 728 16 0
800 730 32 0
1000 1004 8 1
1000 1502 16 1
1000 1119 32 1
1000 1111 8 0
1000 1039 16 0
1000 1236 32 0
1600 2596 8 1
1600 2838 16 1
1600 2790 32 1
1600 3393 8 0
1600 2966 16 0
1600 4903 32 0
2000 4140 8 1
2000 4427 16 1
2000 4186 32 1
2000 4678 8 0
2000 4347 16 0
2000 4817 32 0
2500 8236 8 1
2500 7816 16 1
2500 7687 32 1
2500 8035 8 0
2500 7796 16 0
2500 7572 32 0
